# 데이터프레임
english <- c(90,80,60,70)
